 0.249988
 0.249988
 0.249988
 0.749965
 0.749965
 0.249988
 0.749965
 0.749965
 0.412005
 0.437998
 0.274000
 0.431995
 0.464005
 0.059998
 0.148000
 0.453995
 0.088001
 0.305995
 0.049242
 0.118001
 0.291993
 0.083994
 0.333998
 0.299992
 0.451999
 0.286005
 0.896000
 0.154003
 0.725999
 0.061994
 0.609994
 0.135994
 0.570000
 0.256006
 0.577999
 0.395992
 0.696000
 0.414001
 0.851999
 0.456006
 0.930006
 0.330006
 0.680003
 0.308006
 0.097996
 0.935994
 0.299992
 0.897996
 0.444000
 0.800000
 0.444000
 0.650003
 0.333998
 0.688001
 0.138005
 0.702003
 0.091993
 0.565993
 0.251999
 0.554003
 0.384002
 0.538005
 0.571996
 0.874000
 0.666001
 0.933998
 0.902003
 0.941997
 0.584002
 0.735994
 0.681998
 0.658002
 0.867997
 0.674000
 0.911998
 0.577999
 0.568004
 0.598004
 0.727995
 0.521992
